MFEM mesh v1.0

#
# MFEM Geometry Types (see fem/geom.hpp):
#
# POINT       = 0
# SEGMENT     = 1
# TRIANGLE    = 2
# SQUARE      = 3
# TETRAHEDRON = 4
# CUBE        = 5
# PRISM       = 6
#

dimension
2

elements
20
1 3 0 12 28 15
1 3 12 4 13 28
1 3 28 13 10 14
1 3 15 28 14 7
1 3 10 16 29 19
1 3 16 5 17 29
1 3 29 17 2 18
1 3 19 29 18 6
1 3 7 14 30 21
1 3 14 10 19 30
1 3 30 19 6 20
1 3 21 30 20 1
1 3 7 21 31 24
1 3 21 1 22 31
1 3 31 22 8 23
1 3 24 31 23 11
1 3 11 23 32 27
1 3 23 8 25 32
1 3 32 25 3 26
1 3 27 32 26 9

boundary
24
1 1 6 20
1 1 20 1
1 1 5 17
1 1 17 2
1 1 8 25
1 1 25 3
1 1 2 18
1 1 18 6
1 1 3 26
1 1 26 9
1 1 1 22
1 1 22 8
4 1 0 12
4 1 4 13
4 1 15 0
4 1 24 7
4 1 16 5
4 1 9 27
4 1 12 4
4 1 13 10
4 1 10 16
4 1 7 15
4 1 11 24
4 1 27 11

vertices
33
2
0 0
0.309017 0.951057
1.30902 0.951057
-0.5 1.53884
0.5 0
1.15451 0.475529
0.809019 0.951057
0.154508 0.475529
-0.09549150000000001 1.24495
-0.654508 1.06331
0.654509 0.475529
-0.25 0.769421
0.25 0
0.5772545 0.2377645
0.4045085 0.475529
0.077254 0.2377645
0.9045095 0.475529
1.231765 0.713293
1.0590195 0.951057
0.7317640000000001 0.713293
0.559018 0.951057
0.2317625 0.713293
0.10676275 1.0980035
-0.17274575 1.0071855
-0.047746 0.622475
-0.29774575 1.391895
-0.5772539999999999 1.301075
-0.452254 0.9163654999999999
0.32725425 0.2377645
0.9817645 0.713293
0.48176325 0.713293
0.02950837499999999 0.8602392499999999
-0.374999875 1.15413025
